0010111100101011001001110010011100101001001010000010101000101011001011010010111100101110001011110011010100111001
0011110100111100001110100011010100101101001010000010100100101010001011100011001100110001001100000011010000110101
0100001101000000001111010011101100111010001101000010101100100101001011110011011000110100001100000011001100110001
0111111101111100011110010111011101110011011100000110110101100000001111100011100100110100001011010011001100110011
1000100010001000100010001000100010001000100010011000100110001011011111010100011100111000001100100010111100110100
1000011110000111100001111000011110000110100001101000010110000110100001000101110000111111001100110010111100110111
1000100010000111100001111000011110000111100001101000011110000111100001010111000101001000001101100011010000111110
1000100010001000100010011000100010001000100010001000011110000111100000111000001101100100001110010011011001000000
1000101010001001100010011000101010001010100010011000101010001000100001101000010101101110001111110011011000111101
0111100101111001011111000111111010000000100000011000001010000100100000111000001101111000010100100011010100110111
0011110100111101001111100100000101000010010000110100010101000111010001110100101101010010010011110011111000110101
0100000101000001001111110011111100111111001111110011110100111110001111110011111001000011010010000100010000111011
0100000001000000010000100100001001000001001111110011111000111111001111110011111100111111010000010100101001000000
0100000001000000010000000100000001000001010000000011111101000001001111110011111000111111001111001000001001011100
