001111000011101100111000001100000010011000101001001101000011011000110001
011110000111010101110001011011110110101001001110001110000011100000101111
100010001000100010001001100010001000101010001011011000100011101000110101
100001111000011010000110100001011000010010001001011100110100101000110111
100001111000011110000110100001101000011110000111011111110101110000111011
100010011000100010001000100001111000011110000100100001010111100101001011
100010101000101010001001100010101000100110000110100001110111111101010101
011111010111111110000001100000011000001110000011100000111000000101100111
010000000100001001000010010001000100011001000111010010000100111101010011
001111110011111100111111001111100011110100111111001111100100000001000110
