00111101001111000011101100111011001110100011100000110100001100000010101100100110001001010010100100101111001101000011011000110110001101000011000100110000
01011001010110000101011101010111010101010101001101010000010011010100100101000100001111000011010000101111001100100011011100111000001101000010111100101110
01111001011110000111011101110101011100110111000101110000011011110110110101101010011000000100111000111110001110000011100100111000001101000010111100101101
10001000100010001000011110000110100001011000010010000100100001001000010010000011011111100111000101011111010011000011111000111000001101010011001000101111
10001000100010001000100010001000100010001000100110001001100010001000100110001010100010111000101101111101011000100100011100111010001110000011010100110010
10001000100010001000100010000111100010001000100110001001100010001000100010001001100011001001000110001000011011100101000101000001001111000011011100110011
10000111100001111000011110000110100001101000011010000110100001011000010110000100100001101000100110000100011100110101110001001010001111110011011100110011
10000110100001101000011010000110100001101000010110000101100001001000010110000100100001011000011010000100011110010110011101010010010000010011011100110100
10000111100001111000011110000111100001111000011010000110100001101000011110000111100001111000011110000101011111110111000101011100010010000011101100110110
10001000100010001000011110000111100001111000011110000111100001101000011110000111100001111000010110000011100000110111110001101100010101100100001100111000
10001001100010011000100010001000100010001000100010001000100001111000011110000111100001111000010010000011100001011000001101111001011001000100101100111001
10001001100010011000100110001001100010001000100010001000100010001000100010000111100001101000001110000011100001011000010001111101011010100100111100111010
10001001100010101000101010001010100010101000100110001001100010101000101010001001100010001000011010000110100001111000010101111111011011100101010100111111
10001010100010111000110010001100100011011000110110001101100011011000111010001110100011011000110010001100100011001000101010000110011110000110000101001001
01111100011111010111111001111111100000001000000110000001100000011000001010000011100001001000001110000011100000111000001110000001011110000110011101010010
01011011010111010101111001100000011000000110000101100001011000100110001101100101011001100110011001100110011001100110100001101010011010000110000001010011
00111110010000000100000101000010010000100100001001000011010001000100010101000110010001110100011101000111010010000100101101001111010100100101001101001111
00110111001110000011100000111001001110010011100100111010001110100011101000111010001110110011110000111100001111000011110101000001010001100100101001001011
00111111001111110011111100111111001111110011111100111111001111100011110100111101001111100011111100111111001111100011111001000000010000110100011001001000
