0101000000111110001100000010110000110000001100000010111100101100001011000010110100101110001100000010111100101111
0101000000111110001011110010110000101111001100010010111100101101001011010010110100101111001011110010111100101111
0101000000111101001011110010110100101110001100010010111100101101001011010010111000101111001011100010111100110000
0100111100111111001100000010110000101111001100100011000000101110001011000010110100101110001011110010111100101111
0101000000111111001011110010101100101111001100010011000000101110001011010010110100101111001011110011000000101111
0101001000111110001100000010110000101111001100010011000100101110001011010010110100101110001100000011000000101111
0101001000111111001100000010110000101111001100010011000100101110001011110010111000101110001100000010111100110001
0101001000111111001100000010101100110000001100110011001000101101001011100010111100101111001011110011000000110001
0101001100111111001100000010110000110001001100110011000100101110001011010010111000110000001100000011000000110000
0101010000111111001011110010110000110001001100100011000100101111001011100010111100110000001100000011000000110000
0101010000111111001011100010110000110010001100110011000000101110001011100011000000110000001100010011000100110001
0101001100111111001011110010110000110001001101000011001000101110001011110011000000110000001100000011000100110001
0101010000111110001011100010110000110001001101000011001100101111001011100010111100101111001100000011000100110010
0101010100111101001011000010110000110011001101010011001100101110001011100010111100110000001100100011000100110001
