00001100000110010001101100011001000110010001100100011001000110010001100100011001000110010001100000011000000110000001100000011000000110000001100000011000
00011000001100010011010100110010001100010011000100110001001100010011000100110001001100010011000000110000001100000011000000110000001100000011000000110000
00011010001100110011011100110100001100110011010000110100001101000011010000110100001101000011001100110011001100110011001100110011001100110011001100110011
00011000001011110011001000101111001011110011000000110000001100000011000000110000001100000011000000110000001100000011000000101111001011110010111100110000
00010111001011010011000000101101001011010010111000101101001011010010110100101110001011100010111000101111001011110010111100101101001011010010110100101110
00010111001011010011000000101101001011000010110100101100001011000010110000101101001011010010110100101110001011100010111000101101001011010010110100101101
00010110001010110010111000101100001010110010110000101100001011000010110000101100001010110010101100101011001011000010110000101100001011010010110000101100
00010100001010010010110000101010001010100010101100101011001010110010101100101011001010100010100100101001001010010010101000101011001011000010101100101010
00010011001001110010101000101001001010000010100100101001001010010010100100101001001010010010100000101000001010000010100000101000001010010010100100101000
00010011001001100010100100100111001001100010011000100110001001100010011000100111001010000010100000101000001001110010011000100110001001100010011100100111
00010011001001010010100000100110001001010010010100100100001001000010010000100101001001110010100000101000001001100010011000100101001001010010011000100110
00010100001001110010100100100111001001110010011100100110001001100010011000100111001010000010100100101001001010000010100000101000001010000010100000101000
00010111001011000010111000101100001011000010110000101100001011000010110000101100001011000010110000101100001011010010110100101101001011010010110100101101
00011010001100110011011000110011001100110011010000110100001101000011010000110011001100100011001000110010001100110011001100110011001100110011001100110011
00011101001110100011111000111010001110100011101100111011001110110011101000111001001110000011100000111000001110010011100100111001001110010011100100111001
00100000010000000100010001000000010000000100000101000001010000000011111100111111001111100011111000111110001111100011111000111110001111100011111000111110
00100010010001010100101001000110010001010100011001000110010001100100010101000101010001000100010001000011010000100100001001000010010000110100001101000011
00100100010010010100111001001010010010010100101001001010010010100100101001001001010010010100100001000111010001100100011001000110010001110100011101000111
00100101010011000101000101001101010011000100110101001101010011010100110101001100010011000100101101001010010010010100100101001001010010100100101001001010
