0011001000110001001100100011001000110010001100100011001000110010001100100011001000110010001100100011000100110001001100010011001000110010
0010111000101110001011110010111100101111001011110010111100101111001011110011000000110000001100000010111000101110001011100010111100101111
0010110100101101001011100010110100101101001011010010111000101110001011100010111100101111001011110010110100101101001011010010111000101110
0010110100101100001011010010110000101100001011000010110100101100001011000010110100101101001011010010110100101101001011010010110100101100
0010101100101011001011000010110000101100001011000010110000101011001010100010101000101011001010110010110000101101001011000010101100101010
0010101000101001001010100010101000101010001010100010101000101010001010010010100100101001001010010010101000101011001010100010100100101001
0010100000100111001010000010100000101000001010000010100000101001001010000010100000101000001001110010011100101000001010000010100000101000
0010011100100110001001100010010100100101001001010010011000101000001010000010100000100111001001100010011000100110001001110010011100100111
0010011100100110001001100010010100100101001001010010011000101000001010010010100100100111001001110010011100100111001001110010011100101000
0010101000101010001010100010100100101001001010010010101000101010001010110010101100101011001010110010101100101011001010110010101100101011
0011000000110000001100000011000000110000001100000011000000101111001011110010111100110000001100000011000000110000001100000011000000110000
0011011100110111001110000011100000111000001101110011011000110101001101010011010100110110001101100011011000110110001101100011011000110101
0011110100111101001111100011111000111110001111010011110000111011001110110011101100111100001111000011110000111100001111000011110000111011
0100001101000011010001000100010001000011010000100100001001000001010000010100000101000000010000000100000001000001010000010100000101000001
0100100001000111010010000100100001001000010010000100011101000111010001100100010101000100010001000100010001000101010001010100010101000101
0100110001001011010011000100110001001100010011000100101101001011010010100100100101001000010010000100100001001001010010010100100101001001
0100111001001101010011100100111001001110010011100100110101001101010011000100101101001010010010100100101001001011010010110100101101001011
0100111101001110010011110100111101001111010011110100111001001110010011010100110001001100010011000100110001001100010011000100110001001011
