001100110011000100110010001100100011001000110010001100100011001000110010001100100011001000110010001100010011000100110001001100010011001000110010
001100000010111000101111001011110010111100101111001011110010111100101111001011110011000000110000001011110010111000101110001011110010111100101111
001011110010110100101101001011010010110100101101001011010010111000101110001011100010111100101111001011100010110100101101001011100010111000101110
001011100010110000101100001011000010110000101100001011000010110100101100001011010010110100101101001011010010110100101101001011010010110000101100
001011000010101100101011001011000010110000101100001011000010101100101010001010100010101000101011001011000010110000101100001011000010101100101010
001010110010101000101010001010100010101000101010001010100010101000101001001010010010100100101001001010010010101000101011001010100010100100101001
001010010010100000100111001010000010100000101000001010000010100000101001001010000010100000101000001001110010100000101000001010000010100000101000
001010000010011000100110001001100010010100100101001001100010011100101000001010000010011100100110001001100010011000100110001001110010011100100111
001010000010011000100110001001100010010100100101001001100010011100101000001010010010100000100111001001110010011100100111001001110010100000101000
001010110010101000101010001010010010100100101001001010010010101000101010001010110010101100101011001010110010101100101011001010110010101100101011
001100010011000000110000001100000011000000110000001100000011000000101111001011110011000000110000001100000011000000110000001100000011000000110000
001110000011011100110111001110000011100000111000001101110011011000110101001101010011011000110110001101100011011000110110001101100011011000110101
001111110011110100111110001111100011111000111101001111010011110000111011001110110011101100111100001111000011110000111100001111000011110000111011
010001010100001101000011010001000100010001000011010000100100001001000001010000010100000001000000010000000100000001000001010000010100000101000001
010010100100100001001000010010000100100001001000010001110100011101000110010001100100010101000100010001000100010101000101010001010100010101000101
010011100100101101001011010011000100110001001100010010110100101101001010010010010100100001001000010010000100100001001001010010010100100101001001
010100000100111001001101010011100100111001001110010011100100110101001101010011000100101101001010010010100100101101001011010010110100101101001011
010100010100111101001111010011110100111101001111010011100100111001001110010011010100110001001100010011000100110001001100010011000100110001001011
