001100010010111100110000001100000011000000110000001100000011000000110000001100000011000000110000001100000010111100101111001100000011000000110000
001011110010110100101110001011100010110100101101001011100010111000101110001011110010111100101111001011100010110100101101001011100010111000101110
001011110010110100101101001011010010110000101100001011010010110100101101001011100010111000101110001011100010110100101101001011010010110100101101
001011010010110000101100001011000010110000101100001011000010110000101011001010110010110000101100001011000010110100101101001011000010110000101011
001010110010101000101011001010110010101100101011001010110010101100101010001010010010100100101010001010110010110000101100001010110010101000101001
001010100010100100101001001010010010100100101001001010010010100100101001001010000010100000101000001010000010100100101001001010010010100000101000
001010000010011100100110001001100010011000100110001001110010100000101000001010000010100000100111001001100010011000100111001001110010011100100111
001001110010011000100101001001010010010000100100001001010010011000101000001010000010011100100110001001100010010100100110001001100010011100100111
001010000010011100100111001001110010011000100110001001110010100000101001001010010010100100101000001010000010100000101000001010000010100100101001
001011010010110000101100001011000010110000101100001011000010110000101100001011000010110100101101001011010010110100101101001011010010110100101101
001101010011001100110100001101000011010000110100001101000011001100110010001100100011001100110011001100110011001100110011001100110011001100110010
001111000011101000111011001110110011101100111011001110100011100100111000001110000011100100111001001110010011100100111001001110010011100100111000
010000100100000001000001010000010100000101000000001111110011111100111110001111100011111000111110001111100011111000111110001111100011111000111110
010010000100011001000110010001100100011001000110010001010100010101000100010001000100001101000010010000100100001101000011010000110100001101000011
010011000100101001001010010010100100101001001010010010100100100101001001010010000100011101000110010001100100011101000111010001110100011101000111
010011110100110101001101010011010100110101001101010011010100110001001100010010110100101001001001010010010100101001001010010010100100101001001010
010100010100111101001110010011100100111001001110010011100100111001001110010011010100110001001011010010110100110001001100010011000100110001001011
